Date	IEDB reference	Allele	Peptide length	Measurement type	Peptide seq	Measurement value	NetMHCpan 2.8	NetMHCpan 3.0	NetMHCpan 4.0	SMM	ANN 3.4	ANN 4.0	ARB	SMMPMBEC	IEDB Consensus	NetMHCcons	PickPocket	mhcflurry 1.2.0	DeepSeqPa
2019-02-01	1033576	HLA-A*02:01	9	binary	AILCWGELM	0.0	1360.36	1278.8	1044.9	1270.9	2715.0	1721.43	621.93	1080.02	8.3	1925.66	326.55	981.545	-
2019-02-01	1033576	HLA-A*02:01	9	binary	AIVCWGELM	0.0	3429.07	3029.9	2941.3	2958.76	6749.0	4239.03	1496.88	2451.49	14.0	4804.44	631.81	3344.9849	-
2019-02-01	1033576	HLA-A*02:01	9	binary	ALESPEHCS	0.0	25650.46	29403.6	27979.3	35984.05	21823.0	24986.47	7695.62	35927.75	36.0	23571.74	2032.71	17243.2507	-
2019-02-01	1033576	HLA-A*02:01	9	binary	ALRQAILCW	0.0	24666.29	26318.1	25125.5	9101.44	24853.0	13553.71	5131.99	9963.91	23.0	24747.82	3529.57	15282.9467	-
2019-02-01	1033576	HLA-A*02:01	9	binary	ALRQAIVCW	0.0	24206.78	25386.2	24653.7	9530.38	24308.0	14585.2	7621.21	10314.07	23.0	24218.04	2812.19	15585.5441	-
2019-02-01	1033576	HLA-A*02:01	9	binary	ALYREALES	0.0	3262.26	3106.7	2611.2	2637.0	6594.0	4444.71	693.78	2906.9	13.0	4651.0	492.62	3482.9272	-
2019-02-01	1033576	HLA-A*02:01	9	binary	APILSTLPE	0.0	40018.03	36083.6	35050.8	1007186.74	26464.0	29432.59	471139.51	694112.71	54.0	32434.8	50000.0	18435.0393	-
2019-02-01	1033576	HLA-A*02:01	9	binary	ASALYREAL	0.0	15239.03	18592.3	18025.2	14458.06	18335.0	17016.6	24009.48	15646.96	30.0	16673.41	5681.68	13319.388	-
2019-02-01	1033576	HLA-A*02:01	9	binary	ASRELVVGY	0.0	28025.38	29881.8	32749.0	278682.69	25922.0	25227.43	402411.39	257294.2	61.0	26839.8	50000.0	19917.7829	-
2019-02-01	1033576	HLA-A*02:01	9	binary	ASRELVVSY	0.0	27612.13	29679.8	32853.0	245533.07	26505.0	24396.88	282959.85	228260.1	59.0	26985.39	50000.0	19442.4928	-
2019-02-01	1033576	HLA-A*02:01	9	binary	ASVELLSFL	0.0	1166.01	746.1	916.5	1159.07	2148.0	1274.52	565.21	1045.76	7.9	1584.89	476.88	1386.4761	-
2019-02-01	1033576	HLA-A*02:01	9	binary	ATWVGSNLE	0.0	29156.84	26070.7	26446.6	112230.27	24210.0	25258.29	86208.77	84806.67	50.0	26550.96	5620.54	19119.1172	-
2019-02-01	1033576	HLA-A*02:01	9	binary	AYRPPNAPI	0.0	30529.56	29938.4	26307.6	43562.22	25853.0	29407.77	180821.86	44918.99	38.0	28026.9	16404.99	16569.121	-
2019-02-01	1033576	HLA-A*02:01	9	binary	AYRPQNAPI	0.0	30900.43	32212.7	29775.0	26613.99	24635.0	31422.01	106078.85	27506.16	33.0	27725.29	15541.08	15948.3363	-
2019-02-01	1033576	HLA-A*02:01	9	binary	CLTFGRETV	0.0	1490.42	1168.1	931.7	879.25	2552.0	1903.42	161.56	987.26	6.9	1946.61	268.76	3017.1098	-
2019-02-01	1033576	HLA-A*02:01	9	binary	CSPHHTALR	0.0	34005.96	31063.3	30704.8	352460.13	25188.0	37442.64	285198.98	430953.09	78.0	29266.51	50000.0	22445.6599	-
2019-02-01	1033576	HLA-A*02:01	9	binary	CWGELMNLA	0.0	22356.76	20520.1	19312.4	7605.19	15954.0	15568.18	5595.41	8345.07	28.0	18882.64	4151.52	12473.3573	-
2019-02-01	1033576	HLA-A*02:01	9	binary	DFFPSIRDL	0.0	29606.99	26039.4	25993.8	75354.64	27812.0	27720.18	231822.22	77880.73	45.0	28795.36	3685.69	14965.9956	-
2019-02-01	1033576	HLA-A*02:01	9	binary	DIDPYKEFG	0.0	43261.6	41687.3	38966.9	120256.9	28800.0	37724.85	122610.78	123432.63	51.0	35367.39	15373.84	20495.2023	-
2019-02-01	1033576	HLA-A*02:01	9	binary	DIDTYKEFG	0.0	44209.86	43633.9	40846.1	146929.84	29040.0	39000.7	83741.13	154322.77	67.0	35946.07	20589.91	21465.8079	-
2019-02-01	1033576	HLA-A*02:01	9	binary	DLLDTASAL	0.0	2206.23	4476.8	6018.3	579.58	4067.0	3287.03	253.45	576.01	5.2	3000.81	135.94	2532.34	-
2019-02-01	1033576	HLA-A*02:01	9	binary	DPASRELVV	0.0	36825.92	40991.8	37063.4	146929.84	29585.0	35075.84	76789.53	160114.26	53.0	33144.32	28795.36	18395.8912	-
2019-02-01	1033576	HLA-A*02:01	9	binary	DPYKEFGAS	0.0	43894.35	44561.9	40419.3	6096913.03	30051.0	40175.51	1000000.0	6359602.92	88.0	36337.11	50000.0	24601.0114	-
2019-02-01	1033576	HLA-A*02:01	9	binary	DTASALYRE	0.0	41580.98	36394.6	35623.6	526150.52	29164.0	37641.69	98326.52	383203.97	69.0	34798.02	13356.59	21103.0441	-
2019-02-01	1033576	HLA-A*02:01	9	binary	DTYKEFGAS	0.0	36756.66	34140.2	28960.3	733010.17	29856.0	38110.08	1000000.0	777016.07	73.0	33144.32	34986.78	23344.4165	-
2019-02-01	1033576	HLA-A*02:01	9	binary	EALESPEHC	0.0	40631.91	39228.8	35670.6	233942.97	28213.0	34677.75	210015.26	255523.0	63.0	33869.37	50000.0	19277.1759	-
2019-02-01	1033576	HLA-A*02:01	9	binary	EDPASRELV	0.0	39932.39	41255.2	39770.3	380285.7	30421.0	38799.93	70031.7	480208.67	65.0	34798.02	50000.0	21668.1172	-
2019-02-01	1033576	HLA-A*02:01	9	binary	EFGASVELL	0.0	28603.47	23129.1	23889.3	70649.65	26430.0	22896.05	26286.5	64480.74	40.0	27426.93	5681.68	14498.415	-
2019-02-01	1033576	HLA-A*02:01	9	binary	EHCSPHHTA	0.0	40671.05	39929.8	38082.5	2213655.32	29669.0	41834.6	229196.98	2189928.82	85.0	34798.02	47366.92	22651.9538	-
2019-02-01	1033576	HLA-A*02:01	9	binary	ELLSFLPSD	0.0	19519.12	18383.7	19583.2	5396.47	20518.0	16535.61	286.24	6200.55	18.0	20040.43	548.91	6741.8657	-
2019-02-01	1033576	HLA-A*02:01	9	binary	ELMNLATWV	0.0	132.65	114.2	140.2	83.97	68.0	48.47	9.78	78.24	0.53	95.12	40.9	102.2703	-
2019-02-01	1033576	HLA-A*02:01	9	binary	ELVVGYVNV	0.0	3814.21	1712.4	1628.5	1197.04	3276.0	2478.12	457.67	1192.42	8.0	3529.57	108.31	1880.1495	-
2019-02-01	1033576	HLA-A*02:01	9	binary	ELVVSYVNV	0.0	3232.19	2070.7	1616.5	1570.76	3878.0	2916.27	522.38	1586.46	9.3	3548.72	120.68	2665.3375	-
2019-02-01	1033576	HLA-A*02:01	9	binary	ESPEHCSPH	0.0	41477.2	43395.7	41645.8	2244450.34	27187.0	39598.11	1000000.0	2169851.44	85.0	33686.63	50000.0	23723.4318	-
2019-02-01	1033576	HLA-A*02:01	9	binary	ETTVVRRRG	0.0	46714.93	46288.3	45653.1	15209327.09	32414.0	42139.44	1000000.0	17235742.61	97.0	38984.65	50000.0	23667.4081	-
2019-02-01	1033576	HLA-A*02:01	9	binary	ETVLEYLVS	0.0	39704.48	34817.2	33332.1	1469298.38	29034.0	29769.2	1000000.0	1483986.67	80.0	34053.09	50000.0	17755.7184	-
2019-02-01	1033576	HLA-A*02:01	9	binary	EYLVSFGVW	0.0	36179.02	37048.5	36981.2	2506744.09	30132.0	28224.39	1000000.0	2719130.18	86.0	32965.5	50000.0	19818.3334	40210.063698780956
2019-02-01	1033576	HLA-A*02:01	9	binary	FFPSIRDLL	0.0	12453.02	8673.7	7801.2	4551.03	15558.0	12832.59	2497.39	4824.25	24.0	13947.35	1765.99	10119.9765	-
2019-02-01	1033576	HLA-A*02:01	9	binary	FGASVELLS	0.0	30664.29	19293.8	17078.4	32070.82	20761.0	20009.23	2611.15	31508.66	35.0	25289.19	11355.63	14730.4772	-
2019-02-01	1033576	HLA-A*02:01	9	binary	FGRETVLEY	0.0	33333.13	28414.4	30581.8	127089.6	26870.0	22100.86	42704.64	111283.3	38.0	30068.96	50000.0	20634.1605	-
2019-02-01	1033576	HLA-A*02:01	9	binary	FGVWIRTPP	0.0	30774.64	26308.2	21570.7	84744.2	24352.0	27966.02	247810.98	75932.9	46.0	27426.93	15208.39	16612.2832	-
2019-02-01	1033576	HLA-A*02:01	9	binary	FGVWIRTPT	0.0	14694.82	11981.0	9813.7	21091.62	19406.0	21174.83	45509.55	18511.01	30.0	16946.23	8758.62	14738.0827	-
2019-02-01	1033576	HLA-A*02:01	9	binary	FHISCLTFG	0.0	27328.88	24140.6	24893.1	14064.04	14389.0	14942.85	812.77	12806.49	26.0	19824.77	6539.79	9560.1788	-
2019-02-01	1033576	HLA-A*02:01	9	binary	FLPSDFFPS	0.0	35.0	17.1	18.2	69.84	43.0	33.92	3.48	71.19	0.4	38.96	58.45	105.3005	-
2019-02-01	1033576	HLA-A*02:01	9	binary	FPSIRDLLD	0.0	40559.87	39713.5	38827.2	497863.17	27366.0	31625.63	191435.92	675196.22	60.0	33324.12	50000.0	24571.2779	-
2019-02-01	1033576	HLA-A*02:01	9	binary	GASVELLSF	0.0	31238.26	28730.3	27471.2	83006.1	23633.0	19539.83	49166.82	83067.28	46.0	27278.95	31060.99	18432.2767	-
2019-02-01	1033576	HLA-A*02:01	9	binary	GELMNLATW	0.0	31842.63	32399.7	29268.4	131859.07	24435.0	20231.06	61463.06	126307.75	52.0	27875.69	25017.04	19500.5529	-
2019-02-01	1033576	HLA-A*02:01	9	binary	GLKIRQLLW	0.0	25746.38	30100.5	30915.1	34602.7	26824.0	16357.49	7645.74	41345.67	36.0	26265.23	17505.31	19079.4492	-
2019-02-01	1033576	HLA-A*02:01	9	binary	GRETVLEYL	0.0	29603.13	32779.8	28199.4	62821.75	24606.0	19261.91	6139.11	53756.38	42.0	26985.39	10527.33	10272.4959	-
2019-02-01	1033576	HLA-A*02:01	9	binary	GSNLEDPAS	0.0	43695.79	41582.8	40605.5	594442.7	26040.0	38660.38	598971.29	620054.69	70.0	33869.37	32434.8	20742.3375	-
2019-02-01	1033576	HLA-A*02:01	9	binary	GVWIRTPPA	1.0	939.41	601.5	423.6	480.96	564.0	413.53	331.22	491.39	2.7	731.18	216.47	456.6575	-
2019-02-01	1033576	HLA-A*02:01	9	binary	GVWIRTPTA	1.0	1814.08	1105.9	862.6	914.34	1245.0	1085.0	359.45	967.01	7.0	1501.43	330.1	821.7466	-
2019-02-01	1033576	HLA-A*02:01	9	binary	GYVNVNMGL	0.0	19058.13	13410.3	12582.2	6984.09	15248.0	16045.48	8299.65	6814.44	29.0	17038.15	3454.02	10110.3371	-
2019-02-01	1033576	HLA-A*02:01	9	binary	HCSPHHTAL	0.0	28211.89	29843.4	24579.2	53469.98	21518.0	27907.38	66680.5	56549.66	50.0	24614.3	7692.16	15066.6075	-
2019-02-01	1033576	HLA-A*02:01	9	binary	HHTALRQAI	0.0	35412.57	36563.9	33256.8	482069.88	28170.0	36430.4	126780.12	473619.96	68.0	31569.21	50000.0	20228.9054	-
2019-02-01	1033576	HLA-A*02:01	9	binary	HISCLTFGR	0.0	25089.96	17871.4	20721.8	7818.26	17311.0	20949.69	1484.96	7824.02	36.0	20813.9	6829.04	13198.0606	-
2019-02-01	1033576	HLA-A*02:01	9	binary	HTALRQAIL	0.0	15447.71	20152.2	18888.8	12534.59	14049.0	15241.67	20180.0	13945.37	27.0	14722.66	3236.91	15258.1244	-
2019-02-01	1033576	HLA-A*02:01	9	binary	HTALRQAIV	1.0	10543.63	13843.5	12441.8	4678.54	8770.0	9714.05	3712.03	5181.2	20.0	9602.34	1235.73	10971.4843	-
2019-02-01	1033576	HLA-A*02:01	9	binary	IDPYKEFGA	0.0	35010.26	38656.6	37145.3	29587.62	20765.0	33298.89	19240.3	35927.75	52.0	26985.39	7527.49	16327.9342	-
2019-02-01	1033576	HLA-A*02:01	9	binary	IDTYKEFGA	0.0	36837.09	38265.0	36584.9	33582.27	20285.0	33623.63	19914.85	39212.99	47.0	27426.93	10301.97	15575.5412	-
2019-02-01	1033576	HLA-A*02:01	9	binary	ILCWGELMN	0.0	19676.03	21273.1	18877.5	9018.0	19197.0	15001.49	14723.4	7969.48	22.0	19505.61	1469.28	9842.8849	-
2019-02-01	1033576	HLA-A*02:01	9	binary	ILSTLPETT	0.0	2251.47	1321.3	1206.6	1210.9	2553.0	1853.46	338.13	1234.33	8.1	2390.89	776.01	3935.8402	-
2019-02-01	1033576	HLA-A*02:01	9	binary	IRDLLDTAS	0.0	42739.59	40437.2	40290.9	794529.45	25671.0	33357.67	574547.87	885992.41	74.0	32965.5	50000.0	21627.1727	-
2019-02-01	1033576	HLA-A*02:01	9	binary	IRQLLWFHI	0.0	14879.29	22827.8	18246.6	18540.01	14292.0	10973.82	3928.37	17637.21	29.0	14564.23	3167.62	8403.8895	-
2019-02-01	1033576	HLA-A*02:01	9	binary	IRTPPAYRP	0.0	45404.34	43912.9	42782.6	1479483.07	28076.0	40115.13	1000000.0	1453550.08	80.0	35752.13	50000.0	20349.5372	-
2019-02-01	1033576	HLA-A*02:01	9	binary	IRTPTAYRP	0.0	45067.14	44010.4	43087.4	826247.2	27859.0	38424.34	1000000.0	769892.34	74.0	35367.39	42051.98	21009.2894	-
2019-02-01	1033576	HLA-A*02:01	9	binary	ISCLTFGRE	0.0	40260.38	32944.8	35763.0	5560450.77	28992.0	29239.92	1000000.0	3383997.24	80.0	34237.82	41151.77	19356.0436	-
2019-02-01	1033576	HLA-A*02:01	9	binary	IVCWGELMN	0.0	34837.2	34043.9	33266.1	77465.8	23596.0	26930.27	470800.27	66593.22	45.0	28795.36	9865.62	17450.0	-
2019-02-01	1033576	HLA-A*02:01	9	binary	KEFGASVEL	0.0	3912.73	8475.2	7148.2	3918.41	9695.0	9512.48	1754.6	3431.07	20.0	6161.97	1039.29	8825.8738	-
2019-02-01	1033576	HLA-A*02:01	9	binary	KIRQLLWFH	0.0	23040.19	30348.4	31161.3	16372.31	25822.0	17720.27	3939.83	17038.45	31.0	24349.41	6469.41	15672.5785	-
2019-02-01	1033576	HLA-A*02:01	9	binary	LATWVGSNL	0.0	11813.96	12971.2	11158.1	12708.96	13162.0	14239.19	22501.28	12145.91	26.0	12517.05	6062.77	12729.4783	-
2019-02-01	1033576	HLA-A*02:01	9	binary	LCWGELMNL	0.0	8925.56	3360.3	3038.0	2307.33	2138.0	1598.15	326.2	2357.38	13.0	4382.3	659.75	1046.2203	-
2019-02-01	1033576	HLA-A*02:01	9	binary	LDTASALYR	0.0	43367.97	40688.7	39422.4	338929.99	27506.0	34708.9	97930.71	430953.09	63.0	34610.27	50000.0	19569.004	-
2019-02-01	1033576	HLA-A*02:01	9	binary	LEDPASREL	0.0	29509.75	30501.2	26388.6	27676.43	22470.0	30343.81	47637.58	25318.04	53.0	25702.97	6539.79	14498.6281	-
2019-02-01	1033576	HLA-A*02:01	9	binary	LESPEHCSP	0.0	45855.61	44151.1	43273.8	1177904.28	29893.0	41792.53	1000000.0	1024306.67	81.0	36931.66	45360.65	23463.9429	-
2019-02-01	1033576	HLA-A*02:01	9	binary	LEYLVSFGV	0.0	5687.77	3795.3	4246.2	893.53	3117.0	2886.42	67.27	766.36	6.9	4219.45	238.6	2027.1249	-
2019-02-01	1033576	HLA-A*02:01	9	binary	LKIRQLLWF	0.0	31638.28	33967.7	31935.1	91224.19	23458.0	21484.55	39054.04	92136.14	47.0	27278.95	21970.92	18657.7521	-
2019-02-01	1033576	HLA-A*02:01	9	binary	LLDTASALY	0.0	6177.65	7453.2	6465.1	3476.24	14773.0	10236.09	271.15	3744.81	21.0	9550.53	2077.17	4166.5294	-
2019-02-01	1033576	HLA-A*02:01	9	binary	LLSFLPSDF	0.0	6081.43	5672.7	4103.5	5999.43	15573.0	12097.49	1262.23	6229.17	23.0	9706.8	2365.16	6028.4392	-
2019-02-01	1033576	HLA-A*02:01	9	binary	LLWFHISCL	0.0	29.36	29.6	35.9	23.94	17.0	21.49	3.22	24.01	0.5	22.44	14.17	51.635	-
2019-02-01	1033576	HLA-A*02:01	9	binary	LMNLATWVG	0.0	6422.96	3952.6	4757.2	2163.27	10899.0	6778.9	3194.38	2179.87	16.0	8342.39	414.31	2889.7139	-
2019-02-01	1033576	HLA-A*02:01	9	binary	LPETTVVRR	0.0	44045.15	43127.5	41641.3	2123782.31	29434.0	33745.37	1000000.0	2215287.01	84.0	35946.07	50000.0	22716.6195	-
2019-02-01	1033576	HLA-A*02:01	9	binary	LPSDFFPSI	0.0	14656.07	11853.1	10995.8	2080.22	11539.0	10304.87	279.8	1933.88	17.0	13000.15	3491.59	5075.9823	-
2019-02-01	1033576	HLA-A*02:01	9	binary	LRQAILCWG	0.0	39263.61	40010.2	40144.7	261884.62	25520.0	26458.9	6948.84	235196.04	53.0	31740.46	37333.42	15730.9448	-
2019-02-01	1033576	HLA-A*02:01	9	binary	LRQAIVCWG	0.0	40307.45	40526.5	40795.8	293839.38	25649.0	28126.86	11882.66	261474.9	51.0	32085.75	45360.65	16613.9379	-
2019-02-01	1033576	HLA-A*02:01	9	binary	LSFLPSDFF	0.0	21484.08	17421.2	18398.6	103064.71	22768.0	17381.69	98866.76	100329.81	49.0	22090.1	9346.08	16756.3061	-
2019-02-01	1033576	HLA-A*02:01	9	binary	LSTLPETTV	0.0	10688.59	11568.6	12389.9	24049.72	21496.0	18710.38	15495.32	25028.22	32.0	15126.34	3066.45	13260.973	-
2019-02-01	1033576	HLA-A*02:01	9	binary	LTFGRETVL	0.0	5782.4	7623.1	5784.3	2938.39	6929.0	5155.22	8861.35	3114.8	14.0	6330.92	801.61	3913.1019	-
2019-02-01	1033576	HLA-A*02:01	9	binary	LVSFGVWIR	0.0	23612.84	20327.4	21281.2	7890.6	19439.0	17353.5	12165.48	8859.92	30.0	21500.59	12653.21	13156.2054	-
2019-02-01	1033576	HLA-A*02:01	9	binary	LVVGYVNVN	0.0	32714.99	33384.0	34158.3	23829.23	26018.0	28168.26	31307.7	21798.67	51.0	29266.51	3646.02	13634.5892	-
2019-02-01	1033576	HLA-A*02:01	9	binary	LVVSYVNVN	0.0	33709.24	33942.4	34106.9	23502.28	25332.0	28744.62	26075.17	21499.58	35.0	29266.51	3685.69	12724.4717	-
2019-02-01	1033576	HLA-A*02:01	9	binary	LWFHISCLT	0.0	22917.37	15548.8	16487.0	6384.25	14839.0	11796.58	4633.72	6973.17	23.0	18478.42	2842.78	11795.029	-
2019-02-01	1033576	HLA-A*02:01	9	binary	LYREALESP	0.0	41177.6	41004.7	38214.1	332743.82	28941.0	32556.8	343104.05	332223.23	63.0	34423.54	50000.0	21178.5322	-
2019-02-01	1033576	HLA-A*02:01	9	binary	MDIDPYKEF	0.0	37219.28	37468.6	35655.6	207543.91	24329.0	36042.27	657041.09	241229.27	57.0	30068.96	50000.0	23222.4987	-
2019-02-01	1033576	HLA-A*02:01	9	binary	MDIDTYKEF	0.0	35692.23	36824.3	33872.3	115907.09	24049.0	33914.11	261637.07	127770.33	52.0	29266.51	50000.0	21489.2406	-
2019-02-01	1033576	HLA-A*02:01	9	binary	MGLKIRQLL	1.0	20184.92	18650.8	16882.5	14031.69	19120.0	17703.6	16365.37	14435.44	31.0	19611.42	3529.57	14260.431	-
2019-02-01	1033576	HLA-A*02:01	9	binary	MNLATWVGS	0.0	30513.71	28610.3	24589.5	107426.15	19803.0	24971.87	14851.41	85394.52	46.0	24481.5	6195.39	12985.4601	-
2019-02-01	1033576	HLA-A*02:01	9	binary	NAPILSTLP	0.0	38556.77	40348.9	35251.2	309107.83	27807.0	31848.13	289003.51	344691.04	62.0	32787.64	36141.06	17381.1964	-
2019-02-01	1033576	HLA-A*02:01	9	binary	NLATWVGSN	0.0	20367.68	27779.9	27555.7	6654.42	22154.0	23849.31	2474.53	6522.74	22.0	21269.21	973.97	8954.0218	-
2019-02-01	1033576	HLA-A*02:01	9	binary	NLEDPASRE	0.0	42435.0	35785.4	39061.9	425706.22	30153.0	36662.53	117448.76	283419.68	66.0	35752.13	4989.87	18644.1266	-
2019-02-01	1033576	HLA-A*02:01	9	binary	NMGLKIRQL	0.0	4586.13	8888.8	8706.0	2388.42	5927.0	6647.73	4831.94	2638.94	16.0	5210.57	228.5	5840.9114	-
2019-02-01	1033576	HLA-A*02:01	9	binary	NVNMGLKIR	0.0	41710.33	38674.2	38854.5	342066.07	27355.0	33007.98	551337.39	404976.67	64.0	33686.63	50000.0	20827.9287	-
2019-02-01	1033576	HLA-A*02:01	9	binary	PASRELVVG	1.0	46373.49	45417.1	44870.1	2099471.58	29809.0	39380.62	1000000.0	2335769.59	85.0	37132.0	50000.0	21037.0131	-
2019-02-01	1033576	HLA-A*02:01	9	binary	PASRELVVS	0.0	45109.56	43247.5	42022.4	1396722.08	29283.0	38940.38	931770.25	1597460.03	84.0	36337.11	50000.0	21183.6129	-
2019-02-01	1033576	HLA-A*02:01	9	binary	PAYRPPNAP	0.0	45861.05	44749.3	42870.7	3034659.72	30778.0	42569.75	1000000.0	3568042.35	87.0	37535.94	50000.0	18788.7561	-
2019-02-01	1033576	HLA-A*02:01	9	binary	PAYRPQNAP	0.0	45371.94	44908.0	42671.6	3909399.02	30359.0	44459.3	1000000.0	4681984.81	89.0	37132.0	50000.0	22340.7181	-
2019-02-01	1033576	HLA-A*02:01	9	binary	PEHCSPHHT	0.0	47747.17	47750.3	47188.4	1932457.72	29144.0	42759.94	637688.65	1692115.49	95.0	37333.42	50000.0	23653.426	-
2019-02-01	1033576	HLA-A*02:01	9	binary	PETTVVRRR	0.0	47112.39	47603.8	46537.9	21782614.22	30515.0	39789.2	1000000.0	22616739.72	93.0	37944.28	50000.0	23002.0919	-
2019-02-01	1033576	HLA-A*02:01	9	binary	PHHTALRQA	0.0	46319.33	45633.4	45410.7	2938393.81	30037.0	39079.25	617215.88	3202063.94	87.0	37333.42	50000.0	17601.6699	-
2019-02-01	1033576	HLA-A*02:01	9	binary	PILSTLPET	0.0	12986.65	14390.5	14338.8	7552.84	13691.0	18714.83	1463.38	7806.03	21.0	13284.53	792.98	8760.1561	-
2019-02-01	1033576	HLA-A*02:01	9	binary	PNAPILSTL	0.0	32335.63	32902.1	32310.8	91224.19	28142.0	30468.17	23997.47	81363.57	47.0	30232.07	6469.41	14600.5683	-
2019-02-01	1033576	HLA-A*02:01	9	binary	PPAYRPPNA	0.0	44348.82	45149.6	43409.8	417936.21	26317.0	43573.52	134160.63	482425.22	66.0	34237.82	50000.0	21987.2513	-
2019-02-01	1033576	HLA-A*02:01	9	binary	PPAYRPQNA	0.0	45607.19	45892.3	45040.8	1106904.11	28497.0	43515.09	532731.84	1283600.86	77.0	36141.06	50000.0	23612.671	-
2019-02-01	1033576	HLA-A*02:01	9	binary	PPNAPILST	0.0	43809.88	43621.2	42079.8	1346201.28	27922.0	37250.71	211432.43	1433606.63	78.0	34986.78	50000.0	20745.8516	-
2019-02-01	1033576	HLA-A*02:01	9	binary	PQNAPILST	0.0	34429.49	27007.3	29940.7	78543.45	21391.0	29531.15	19455.56	85788.68	45.0	27278.95	6262.79	18751.44	-
2019-02-01	1033576	HLA-A*02:01	9	binary	PSDFFPSIR	0.0	44111.92	41188.3	40189.4	2228999.65	27041.0	36337.11	1000000.0	2725398.42	81.0	34423.54	50000.0	18823.0468	-
2019-02-01	1033576	HLA-A*02:01	9	binary	PSIRDLLDT	0.0	42727.55	40886.4	39617.8	562483.78	24660.0	36662.91	289394.31	628680.51	76.0	32434.8	27278.95	19703.2873	-
2019-02-01	1033576	HLA-A*02:01	9	binary	PTAYRPPNA	0.0	39235.59	38512.6	36732.4	50246.98	20814.0	36428.43	33713.92	58942.7	57.0	28640.0	7775.84	19918.4581	-
2019-02-01	1033576	HLA-A*02:01	9	binary	PYKEFGASV	0.0	40377.28	38366.6	36437.9	86121.19	29038.0	31251.79	24278.18	88803.48	46.0	34237.82	23444.56	13102.2315	-
2019-02-01	1033576	HLA-A*02:01	9	binary	QAILCWGEL	0.0	12292.24	15018.5	14315.2	9164.53	11074.0	8895.1	13326.01	9150.19	23.0	11666.98	4625.9	10929.7007	-
2019-02-01	1033576	HLA-A*02:01	9	binary	QAIVCWGEL	1.0	15131.25	17097.6	16040.3	9530.38	12761.0	10374.9	19283.53	9603.51	23.0	13947.35	4676.23	12255.3976	-
2019-02-01	1033576	HLA-A*02:01	9	binary	QLLWFHISC	0.0	2383.32	3042.0	2673.7	897.66	3962.0	2057.09	622.84	1080.02	6.9	3083.08	548.91	1966.904	-
2019-02-01	1033576	HLA-A*02:01	9	binary	QNAPILSTL	0.0	15336.62	19641.8	20395.5	19503.39	23150.0	20539.4	6877.14	17435.32	31.0	18882.64	2812.19	12189.5168	-
2019-02-01	1033576	HLA-A*02:01	9	binary	RDLLDTASA	0.0	31430.85	30756.7	29573.4	15962.83	19571.0	27471.78	8448.39	19789.28	27.0	24747.82	6195.39	10864.5017	-
2019-02-01	1033576	HLA-A*02:01	9	binary	REALESPEH	0.0	44283.11	45195.1	44662.8	1267972.98	27508.0	41679.19	840101.81	1203455.4	79.0	34986.78	50000.0	23180.0139	-
2019-02-01	1033576	HLA-A*02:01	9	binary	RELVVGYVN	0.0	42682.74	43813.7	40438.9	590350.59	25644.0	30500.83	1000000.0	509835.42	57.0	32965.5	31060.99	18421.9239	-
2019-02-01	1033576	HLA-A*02:01	9	binary	RELVVSYVN	0.0	41621.06	42846.5	39468.9	258291.43	24144.0	30435.55	1000000.0	225128.25	56.0	31740.46	18279.56	19382.6962	-
2019-02-01	1033576	HLA-A*02:01	9	binary	RETVLEYLV	0.0	21036.46	18729.8	16617.8	8319.74	14897.0	15227.16	3895.93	6893.34	22.0	17695.75	2099.77	6376.9564	-
2019-02-01	1033576	HLA-A*02:01	9	binary	RPPNAPILS	0.0	41165.57	40991.4	40011.6	366530.4	25893.0	36038.36	196398.11	373619.9	64.0	32610.74	50000.0	20703.4184	-
2019-02-01	1033576	HLA-A*02:01	9	binary	RPQNAPILS	0.0	42087.95	40926.2	39637.1	338929.99	25576.0	34546.3	164966.88	347080.33	63.0	32787.64	50000.0	20926.8196	-
2019-02-01	1033576	HLA-A*02:01	9	binary	RQAILCWGE	0.0	22788.06	17614.4	14934.1	32218.85	18901.0	19854.6	16663.89	24234.27	35.0	20701.6	2751.98	14441.4428	-
2019-02-01	1033576	HLA-A*02:01	9	binary	RQAIVCWGE	0.0	23157.91	16522.9	14624.5	30556.95	18083.0	17696.33	16075.23	22826.01	34.0	20478.82	2635.42	14590.0804	-
2019-02-01	1033576	HLA-A*02:01	9	binary	RQLLWFHIS	0.0	4197.0	3740.2	3158.3	4074.83	6359.0	8910.7	3859.87	4279.86	19.0	5154.5	1017.05	5686.482	-
2019-02-01	1033576	HLA-A*02:01	9	binary	RRRGRSPRR	0.0	43367.02	42456.1	42630.6	7657905.45	30745.0	42775.19	1000000.0	9537400.06	94.0	36534.22	50000.0	24160.3885	-
2019-02-01	1033576	HLA-A*02:01	9	binary	RTPPAYRPP	0.0	41609.34	34034.3	33198.5	214343.34	25712.0	37556.65	1000000.0	222039.38	58.0	32787.64	14564.23	19805.4287	-
2019-02-01	1033576	HLA-A*02:01	9	binary	RTPPAYRPQ	0.0	41864.5	36445.8	37364.9	641372.01	26856.0	37603.01	1000000.0	543788.48	71.0	33686.63	33144.32	20804.2525	-
2019-02-01	1033576	HLA-A*02:01	9	binary	RTPTAYRPP	0.0	43046.8	36871.0	34809.3	261884.62	25345.0	38731.55	1000000.0	277606.74	83.0	32965.5	19505.61	17898.7937	-
2019-02-01	1033576	HLA-A*02:01	9	binary	SALYREALE	0.0	39395.53	35434.8	35918.8	557326.89	28692.0	37027.29	90347.9	414409.78	69.0	33686.63	25017.04	19912.716	-
2019-02-01	1033576	HLA-A*02:01	9	binary	SCLTFGRET	0.0	36916.88	33959.3	32697.0	156354.36	22838.0	29021.82	56627.12	164979.51	53.0	29108.61	34237.82	14474.4255	-
2019-02-01	1033576	HLA-A*02:01	9	binary	SDFFPSIRD	0.0	43291.1	42739.1	42299.3	653296.0	30533.0	35783.08	1000000.0	1043349.95	71.0	36337.11	50000.0	22478.9991	-
2019-02-01	1033576	HLA-A*02:01	9	binary	SFGVWIRTP	0.0	40874.87	34290.8	34341.0	220348.45	28895.0	28183.81	664666.66	218489.21	58.0	34237.82	14564.23	17121.3764	-
2019-02-01	1033576	HLA-A*02:01	9	binary	SFLPSDFFP	0.0	23997.11	20459.1	18443.9	18497.37	23104.0	24655.89	22475.39	18468.43	29.0	23571.74	1469.28	14091.9022	-
2019-02-01	1033576	HLA-A*02:01	9	binary	SIRDLLDTA	0.0	3855.62	2660.9	3202.2	2244.45	5585.0	6296.29	519.38	2179.87	15.0	4625.9	1121.07	4839.7921	-
2019-02-01	1033576	HLA-A*02:01	9	binary	SNLEDPASR	0.0	43569.73	40821.8	39912.5	142596.87	27744.0	38477.18	24106.48	138812.96	62.0	34798.02	50000.0	23554.4079	-
2019-02-01	1033576	HLA-A*02:01	9	binary	SPEHCSPHH	0.0	44960.95	47064.0	46504.6	3076876.04	28742.0	40495.41	716721.33	3143619.69	87.0	35946.07	50000.0	23887.4165	-
2019-02-01	1033576	HLA-A*02:01	9	binary	SPHHTALRQ	1.0	44816.69	44620.3	44924.0	5862866.43	31618.0	35803.23	1000000.0	5388029.94	80.0	37739.56	50000.0	21746.6983	-
2019-02-01	1033576	HLA-A*02:01	9	binary	SRELVVGYV	0.0	28919.32	29859.5	29881.5	46893.21	23184.0	14456.52	6737.45	40591.02	26.0	25842.4	6903.33	8998.3718	-
2019-02-01	1033576	HLA-A*02:01	9	binary	SRELVVSYV	0.0	25140.51	25667.1	26681.1	21883.16	20122.0	12432.55	2639.42	19789.28	24.0	22451.54	4727.1	7990.9641	-
2019-02-01	1033576	HLA-A*02:01	9	binary	STLPETTVV	1.0	2195.39	1621.4	1396.1	722.95	566.0	888.87	2304.04	743.76	4.2	1115.02	214.14	2090.9091	-
2019-02-01	1033576	HLA-A*02:01	9	binary	SVELLSFLP	0.0	26948.34	22307.7	21162.2	35984.05	23938.0	16123.97	19299.93	34628.21	36.0	25426.37	3766.31	15866.1326	-
2019-02-01	1033576	HLA-A*02:01	9	binary	SYVNVNMGL	0.0	12842.31	9770.9	10469.4	5177.38	13317.0	13639.92	8617.7	5205.11	25.0	13070.67	3066.45	8846.4857	-
2019-02-01	1033576	HLA-A*02:01	9	binary	TALRQAILC	0.0	33288.79	28074.2	27992.1	62966.56	23857.0	26128.9	67919.56	81551.13	42.0	28178.94	18082.85	15310.4371	-
2019-02-01	1033576	HLA-A*02:01	9	binary	TALRQAIVC	1.0	35419.47	32425.7	31810.6	110435.83	25691.0	30784.62	390808.03	142373.77	49.0	30068.96	23957.42	16469.0857	-
2019-02-01	1033576	HLA-A*02:01	9	binary	TASALYREA	0.0	27509.56	25091.9	23345.8	21632.66	17890.0	24227.73	9685.13	23090.32	42.0	22209.93	16053.81	12973.9452	-
2019-02-01	1033576	HLA-A*02:01	9	binary	TAYRPPNAP	0.0	41280.66	38888.2	35830.0	518931.46	28933.0	38969.04	1000000.0	581339.72	71.0	34423.54	31398.89	17182.0774	-
2019-02-01	1033576	HLA-A*02:01	9	binary	TFGRETVLE	0.0	44780.84	39474.9	40714.6	3927443.99	30941.0	39860.32	1000000.0	2712876.35	87.0	37333.42	38150.11	21436.842	-
2019-02-01	1033576	HLA-A*02:01	9	binary	TLPETTVVR	0.0	25005.68	20931.6	22437.7	7518.13	21698.0	19207.18	5818.92	8192.76	21.0	23318.07	5044.15	12535.0178	-
2019-02-01	1033576	HLA-A*02:01	9	binary	TPPAYRPPN	0.0	43861.58	46090.4	44258.2	924932.42	27364.0	45130.07	437195.97	987256.5	75.0	34610.27	50000.0	24925.1573	-
2019-02-01	1033576	HLA-A*02:01	9	binary	TPPAYRPQN	0.0	45161.84	46784.2	45450.5	2421642.33	28726.0	45812.95	996124.84	2657235.22	85.0	36141.06	50000.0	24495.0055	-
2019-02-01	1033576	HLA-A*02:01	9	binary	TPTAYRPPN	0.0	44484.34	47180.7	45017.9	1049808.3	27149.0	45270.43	452523.77	1077531.56	77.0	34798.02	50000.0	25528.2354	-
2019-02-01	1033576	HLA-A*02:01	9	binary	TTVVRRRGR	0.0	43052.86	38197.6	39389.2	3312150.02	31342.0	42421.24	1000000.0	4617745.57	94.0	36732.4	50000.0	23278.0202	-
2019-02-01	1033576	HLA-A*02:01	9	binary	TVLEYLVSF	0.0	3969.06	3762.8	4046.7	1291.55	3379.0	2212.37	522.2	1117.97	8.4	3665.8	652.65	3073.7969	-
2019-02-01	1033576	HLA-A*02:01	9	binary	TVVRRRGRS	1.0	43185.84	41832.8	42835.0	1710448.49	31617.0	44405.45	1000000.0	2048471.85	98.0	36931.66	50000.0	24151.9537	-
2019-02-01	1033576	HLA-A*02:01	9	binary	TWVGSNLED	0.0	44248.14	43355.3	44256.8	303465.97	27626.0	41583.23	412573.66	429961.93	62.0	34986.78	50000.0	23641.1951	-
2019-02-01	1033576	HLA-A*02:01	9	binary	TYKEFGASV	0.0	27098.04	24900.1	20822.2	14726.85	20896.0	21015.75	4954.48	14468.72	36.0	23699.6	8119.76	9952.6368	-
2019-02-01	1033576	HLA-A*02:01	9	binary	VCWGELMNL	1.0	9132.27	4378.4	3571.9	2667.53	2431.0	2125.0	662.46	2737.98	14.0	4727.1	727.23	1321.8383	-
2019-02-01	1033576	HLA-A*02:01	9	binary	VELLSFLPS	0.0	33768.01	23983.4	23633.3	89765.61	20074.0	17821.02	38615.82	79328.64	31.0	26123.53	15881.05	12120.341	-
2019-02-01	1033576	HLA-A*02:01	9	binary	VGSNLEDPA	0.0	36027.44	30855.7	29014.0	44270.05	24349.0	32069.45	24837.44	40778.38	39.0	29745.37	7366.35	18275.0215	-
2019-02-01	1033576	HLA-A*02:01	9	binary	VGYVNVNMG	1.0	41073.05	38588.9	36999.7	390040.77	26403.0	25719.38	916093.34	364275.53	45.0	32965.5	15881.05	19059.8901	-
2019-02-01	1033576	HLA-A*02:01	9	binary	VLEYLVSFG	0.0	15163.87	12763.8	12937.3	6054.94	16072.0	9045.83	880.5	5450.42	19.0	15625.39	1209.27	5143.0803	-
2019-02-01	1033576	HLA-A*02:01	9	binary	VNMGLKIRQ	0.0	40958.54	42163.6	42156.8	746637.85	29537.0	36918.88	198011.88	564196.0	73.0	34798.02	48929.64	19368.7946	-
2019-02-01	1033576	HLA-A*02:01	9	binary	VNVNMGLKI	0.0	30960.67	30682.9	29500.8	121649.41	25059.0	28235.7	59887.6	97595.55	51.0	27875.69	6829.04	13192.6834	-
2019-02-01	1033576	HLA-A*02:01	9	binary	VRRRGRSPR	0.0	45483.04	42825.7	43911.4	18243577.25	30386.0	43999.41	1000000.0	24628048.49	97.0	37132.0	50000.0	24347.4981	-
2019-02-01	1033576	HLA-A*02:01	9	binary	VSFGVWIRT	0.0	17255.4	12692.4	12021.6	11779.04	13906.0	6804.33	27267.58	10925.22	25.0	15541.08	2240.61	9909.5669	-
2019-02-01	1033576	HLA-A*02:01	9	binary	VSYVNVNMG	0.0	34190.06	32875.4	34243.4	168698.03	23811.0	22305.06	884324.1	166123.09	39.0	28485.48	10874.65	15730.6462	-
2019-02-01	1033576	HLA-A*02:01	9	binary	VVGYVNVNM	0.0	12406.62	7803.4	9771.2	7449.21	9279.0	7325.49	23293.62	7318.63	21.0	10699.58	1967.79	7337.6999	-
2019-02-01	1033576	HLA-A*02:01	9	binary	VVRRRGRSP	0.0	42314.41	45017.4	44127.7	2710878.17	31745.0	42065.18	1000000.0	3158129.98	93.0	36732.4	50000.0	25339.7019	-
2019-02-01	1033576	HLA-A*02:01	9	binary	VVSYVNVNM	0.0	8163.1	3770.1	4776.6	4540.57	6688.0	5127.57	10295.62	4554.39	17.0	7366.35	1824.25	5568.1619	-
2019-02-01	1033576	HLA-A*02:01	9	binary	VWIRTPPAY	0.0	34566.85	37648.2	37506.3	147268.55	26276.0	35969.8	263191.54	176372.15	56.0	30232.07	50000.0	21460.7592	-
2019-02-01	1033576	HLA-A*02:01	9	binary	VWIRTPTAY	0.0	36644.69	37778.4	39449.7	231798.17	26978.0	34071.15	597572.91	278246.69	67.0	31398.89	50000.0	20246.0908	-
2019-02-01	1033576	HLA-A*02:01	9	binary	WFHISCLTF	0.0	25030.3	25107.3	26761.5	163723.12	25446.0	13427.45	137158.81	165359.82	54.0	25289.19	32434.8	16137.3628	-
2019-02-01	1033576	HLA-A*02:01	9	binary	WGELMNLAT	0.0	37620.11	34980.0	31955.1	554766.21	24687.0	27589.74	393875.72	447126.08	49.0	30560.95	44872.5	16869.2873	-
2019-02-01	1033576	HLA-A*02:01	9	binary	WIRTPPAYR	0.0	33649.12	28190.5	26524.5	88738.07	27555.0	31328.3	56552.04	100792.91	59.0	30396.07	50000.0	21760.016	-
2019-02-01	1033576	HLA-A*02:01	9	binary	WIRTPTAYR	0.0	32040.65	25814.2	24874.3	75876.97	27240.0	30824.97	56798.47	85394.52	58.0	29584.89	43439.36	22074.5977	-
2019-02-01	1033576	HLA-A*02:01	9	binary	WVGSNLEDP	0.0	40275.62	38467.2	38257.2	136492.88	25410.0	32207.13	163319.6	136279.33	52.0	31912.64	3766.31	21441.4626	-
2019-02-01	1033576	HLA-A*02:01	9	binary	YKEFGASVE	0.0	44566.23	43275.2	43455.4	5036281.54	28516.0	39565.13	1000000.0	3172707.24	86.0	35559.24	50000.0	21980.4914	-
2019-02-01	1033576	HLA-A*02:01	9	binary	YLVSFGVWI	1.0	34.51	41.3	42.8	35.65	13.0	17.53	2.85	32.92	0.6	21.25	30.54	22.7034	-
2019-02-01	1033576	HLA-A*02:01	9	binary	YREALESPE	0.0	44516.59	42717.4	42254.9	4296452.35	28187.0	39248.75	328616.19	2688004.55	85.0	35367.39	50000.0	24075.0932	-
2019-02-01	1033576	HLA-A*02:01	9	binary	YRPPNAPIL	0.0	16979.82	20472.8	18316.8	15999.63	20045.0	26497.58	18609.77	16234.17	27.0	18478.42	3416.85	10786.4172	-
2019-02-01	1033576	HLA-A*02:01	9	binary	YRPQNAPIL	0.0	19254.0	23029.7	21794.8	26128.23	22015.0	28597.58	20342.92	27506.16	34.0	20589.91	4062.65	11053.5582	-
2019-02-01	1033576	HLA-A*02:01	9	binary	YVNVNMGLK	0.0	28693.35	28115.3	25774.3	63257.21	24446.0	25313.56	65456.11	56289.84	44.0	26550.96	13356.59	16208.1007	-

Date	IEDB reference	Allele	Peptide length	Measurement type	Peptide seq	Measurement value	NetMHCpan 2.8	NetMHCpan 3.0	NetMHCpan 4.0	SMM	ANN 3.4	ANN 4.0	ARB	SMMPMBEC	IEDB Consensus	NetMHCcons	PickPocket	mhcflurry 1.2.0	DeepSeqPa
2019-02-01	1031072	HLA-A*02:01	9	ic50	ALIHHNTHL	343.0	71.73	107.4	71.9	105.95	46.0	79.25	113.0	113.35	1.7	57.82	55.38	87.4167	-
2019-02-01	1031072	HLA-A*02:01	9	ic50	ALIHHNTYL	2.3	13.65	22.2	15.7	42.38	13.0	17.86	34.21	42.9	0.7	13.42	34.4	20.6661	-
2019-02-01	1031072	HLA-A*02:01	9	ic50	ALYGFVPVL	2.3	9.53	9.8	9.4	19.64	9.0	8.25	6.4	18.77	0.4	9.54	11.53	11.2518	-
2019-02-01	1031072	HLA-A*02:01	9	ic50	ALYGSVPVL	8.1	21.73	21.2	22.3	40.37	17.0	15.28	18.8	40.4	0.7	19.6	14.48	25.7019	-
2019-02-01	1031072	HLA-A*02:01	9	ic50	CMWGRLWQL	3.6	7.98	5.8	8.7	16.18	8.0	10.36	7.1	17.84	0.4	8.03	5.83	14.0289	-
2019-02-01	1031072	HLA-A*02:01	9	ic50	CQWGRLWQL	88.0	19.71	19.7	25.5	125.92	41.0	121.18	99.15	141.07	2.0	28.62	45.09	221.0795	-
2019-02-01	1031072	HLA-A*02:01	9	ic50	FLDEFMEAV	8.3	2.56	2.0	2.1	2.72	2.0	2.75	0.48	2.59	0.2	2.71	5.24	4.633	-
2019-02-01	1031072	HLA-A*02:01	9	ic50	FLDEFMEGV	2.9	2.7	2.3	2.3	2.77	2.0	2.69	0.34	2.64	0.2	2.71	4.91	4.1632	-
2019-02-01	1031072	HLA-A*02:01	9	ic50	FLIYLDVSV	0.11	4.68	4.7	4.2	6.92	5.0	4.02	0.63	7.19	0.2	5.01	6.71	4.5883	-
2019-02-01	1031072	HLA-A*02:01	9	ic50	FLTYLDVSV	1.0	8.96	4.9	4.3	22.29	8.0	6.45	1.45	22.67	0.5	8.75	17.78	6.4012	-
2019-02-01	1031072	HLA-A*02:01	9	ic50	FMPDFDLHL	0.86	14.73	5.5	5.9	17.66	7.0	5.49	5.16	17.36	0.4	10.18	24.87	7.5205	-
2019-02-01	1031072	HLA-A*02:01	9	ic50	GLFGDIYLA	3.3	5.75	6.1	6.0	17.1	5.0	6.71	0.58	16.38	0.4	5.83	12.17	10.0979	-
2019-02-01	1031072	HLA-A*02:01	9	ic50	GSFGDIYLA	232.0	1725.27	625.8	592.1	816.79	2364.0	890.98	108.0	754.1	6.6	2021.74	340.99	626.1401	-
2019-02-01	1031072	HLA-A*02:01	9	ic50	ILDKVLVHL	31.0	24.98	16.4	17.2	46.79	29.0	55.84	21.59	48.35	0.8	26.82	26.53	55.4067	-
2019-02-01	1031072	HLA-A*02:01	9	ic50	ILDKVLVHP	4078.0	5199.64	5424.0	5154.4	1259.24	7891.0	6016.24	880.6	1310.48	15.0	6399.79	214.14	2723.5374	-
2019-02-01	1031072	HLA-A*02:01	9	ic50	ILNAMIAKI	29.0	45.62	44.4	41.8	125.63	54.0	48.08	17.58	118.15	0.9	49.97	36.71	166.1402	-
2019-02-01	1031072	HLA-A*02:01	9	ic50	ILNAMITKI	95.0	43.32	50.5	45.8	144.25	70.0	53.01	38.19	135.34	1.0	55.08	42.25	152.7113	-
2019-02-01	1031072	HLA-A*02:01	9	ic50	ILTGLNYEA	21.0	83.92	60.9	56.4	71.3	30.0	41.68	10.24	68.14	1.3	50.51	80.0	86.1036	-
2019-02-01	1031072	HLA-A*02:01	9	ic50	ILTGLNYEV	0.27	8.57	6.8	6.9	14.33	6.0	7.45	1.79	13.75	0.4	7.24	18.17	17.9585	-
2019-02-01	1031072	HLA-A*02:01	9	ic50	IMQLMPFGC	1276.0	1688.25	1122.5	1280.6	908.05	3045.0	1924.6	270.5	1043.35	7.0	2264.98	423.37	2780.8011	-
2019-02-01	1031072	HLA-A*02:01	9	ic50	ITQLMPFGC	6293.0	14676.54	11700.1	13856.8	14558.28	15660.0	12351.3	10317.88	16843.41	23.0	15208.39	6539.79	12965.8531	-
2019-02-01	1031072	HLA-A*02:01	9	ic50	SMPDFDLHL	5.2	116.8	28.2	32.0	92.07	23.0	22.86	33.68	92.99	1.5	51.89	71.02	45.9826	-
2019-02-01	1031072	HLA-A*02:01	9	ic50	TLWCSPIKV	10.0	15.59	13.6	9.5	21.78	12.0	10.08	2.98	21.75	0.5	14.17	18.17	35.3188	-
2019-02-01	1031072	HLA-A*02:01	9	ic50	TPWCSPIKV	1193.0	17233.38	18751.5	15984.1	2891.41	12683.0	12441.84	779.87	2886.89	14.0	14802.53	2523.8	11450.5746	-
2019-02-01	1031072	HLA-A*02:01	9	ic50	VVLSWAPPV	8.4	7.87	15.4	12.8	33.51	5.0	9.6	18.71	30.3	0.2	6.57	22.8	11.4687	-
2019-02-01	1031072	HLA-A*02:01	9	ic50	VVMSWAPPV	4.5	3.83	5.9	5.5	14.73	3.0	5.8	7.89	13.2	0.1	3.66	19.6	7.4839	-
2019-02-01	1031072	HLA-A*02:01	9	ic50	VVPCEPPEV	244.0	649.29	1268.1	891.4	449.89	350.0	680.98	156.68	415.37	4.5	476.88	236.04	695.9216	-
2019-02-01	1031072	HLA-A*02:01	9	ic50	VVPYEPPEV	1863.0	1134.17	3017.2	1268.6	563.78	343.0	1116.59	292.53	569.42	5.1	625.01	280.65	1082.8353	-

Date	IEDB reference	Allele	Peptide length	Measurement type	Peptide seq	Measurement value	NetMHCpan 2.8	NetMHCpan 3.0	NetMHCpan 4.0	SMM	ANN 3.4	ANN 4.0	ARB	SMMPMBEC	IEDB Consensus	NetMHCcons	PickPocket	mhcflurry 1.2.0	DeepSeqPa
2019-02-01	1031072	HLA-A*02:01	10	ic50	ACDPHSGHFV	1813.0	12243.46	18383.1	16088.1	12008.26	10279.0	14409.05	191.04	9723.44	29.5	11233.42	2122.61	7737.7169	-
2019-02-01	1031072	HLA-A*02:01	10	ic50	ARDPHSGHFV	2710.0	24016.42	27546.2	23477.6	15222.29	17871.0	28123.5	6400.92	13453.03	44.0	20701.6	3685.69	9463.827	-
2019-02-01	1031072	HLA-A*02:01	10	ic50	FIASKGVKLV	37.0	72.07	379.8	289.3	589.49	221.0	312.14	698.15	555.67	3.7	126.02	141.95	484.9718	-
2019-02-01	1031072	HLA-A*02:01	10	ic50	FIASNGVKLV	23.0	58.06	280.8	209.5	417.33	138.0	280.66	591.39	360.43	3.05	89.14	115.57	385.5543	-
2019-02-01	1031072	HLA-A*02:01	10	ic50	LLLDDLLVSI	6.9	5.22	14.2	12.2	21.11	8.0	14.66	1.54	20.08	0.22	6.5	28.31	6.9584	-
2019-02-01	1031072	HLA-A*02:01	10	ic50	LLLDDSLVSI	7.5	7.2	16.2	14.0	28.35	9.0	17.61	3.46	28.63	0.3	8.11	38.33	8.0106	-
2019-02-01	1031072	HLA-A*02:01	10	ic50	MQLMPFGCLL	13.0	555.02	21.0	23.1	433.99	523.0	28.67	95.0	388.88	2.26	540.07	337.32	4474.6915	-
2019-02-01	1031072	HLA-A*02:01	10	ic50	SLADEAEVHL	29.0	46.92	111.0	86.3	139.47	50.0	280.51	615.08	138.3	1.95	48.63	138.91	117.3109	-
2019-02-01	1031072	HLA-A*02:01	10	ic50	SLADEAEVYL	6.0	14.4	25.0	21.8	33.15	15.0	43.28	42.92	30.4	0.48	14.87	94.1	22.3385	-
2019-02-01	1031072	HLA-A*02:01	10	ic50	SLFEGIDFYT	1.1	6.83	7.6	7.2	22.31	9.0	9.15	10.08	20.69	0.19	7.98	58.45	14.9465	-
2019-02-01	1031072	HLA-A*02:01	10	ic50	SLFEGIDIYT	7.1	20.62	24.5	20.0	37.45	17.0	18.24	40.12	34.42	0.4	18.77	108.31	28.5135	-
2019-02-01	1031072	HLA-A*02:01	10	ic50	TQLMPFGCLL	257.0	2660.56	77.2	75.4	1225.97	2125.0	124.21	266.52	1101.08	5.1	2377.99	837.07	9670.111	-
2019-02-01	1031072	HLA-A*02:01	10	ic50	VLENFTIFLV	159.0	26.61	37.6	46.1	19.75	13.0	50.59	5.25	18.49	0.42	18.57	39.17	13.0861	-
2019-02-01	1031072	HLA-A*02:01	10	ic50	VLENFTILLV	527.0	78.78	82.2	92.9	40.69	27.0	138.48	9.78	38.62	0.95	46.83	83.54	40.4269	-
2019-02-01	1031072	HLA-A*02:01	10	ic50	VLLGVKLFGV	1.2	8.66	13.9	9.9	7.95	8.0	9.09	0.33	8.63	0.14	8.47	13.86	8.4756	-
2019-02-01	1031072	HLA-A*02:01	10	ic50	VLLGVKLSGV	4.7	25.7	26.4	22.6	34.24	19.0	32.49	2.87	38.53	0.48	22.56	33.3	19.555	-

